-0.9354610389610389, 35.85933982683983, 41.26430420769108
-2.915734611048709, 35.574549695063396, 40.28296063520732
-4.888887696895632, 35.244147010056054, 39.277117143385205
-6.853042449065524, 34.86396869246695, 38.24483678062973
-8.80587693969507, 34.42940916349689, 37.183914515142455
-10.7442924233023, 33.93452853610986, 36.091825777162875
-12.66398001601694, 33.371484942721956, 34.96566466675063
-14.560671041882204, 32.735401835746366, 33.802031337163186
-16.4269086260895, 32.01502948092431, 32.596925222990926
-18.254301913438965, 31.201195651105248, 31.34553586221685
-20.027981390043788, 30.2762995138263, 30.042118802783474
-21.73094828226086, 29.227209570716425, 28.67964509904871
-23.3337592579279, 28.031212130527628, 27.24936539107405
-24.79951253371201, 26.67133213085088, 25.740063222834227
-26.06609963289336, 25.1250855310121, 24.137101220457684
-27.05492726539424, 23.38926553352291, 22.68074917185216
-27.672411203341944, 21.490598398289013, 21.81021797592691
-27.85244477476801, 19.502751633662722, 21.937259316841427
-27.585680107229166, 17.524015185451592, 23.09075907000678
-26.934178384498452, 15.635440976057225, 24.70561121504578
-25.979069832010367, 13.87953470938947, 26.814665586897558
-24.799387550482194, 12.265228202633828, 29.31026384456311
-23.456409316486447, 10.783406905393898, 31.381045580790296
-21.99004669792981, 9.42308088686878, 30.98807421217803
-20.42925773984555, 8.171951099918044, 29.668954572557087
-18.795750445462513, 7.017292787570252, 28.288355342815276
-17.10567801796856, 5.947044639851403, 26.836789876835013
-15.368972373549559, 4.954120788572326, 25.302032542992855
-13.59522065060426, 4.028901904851363, 23.667923489945938
-11.788970435065588, 3.1687837551132625, 21.912260837936135
-9.95679789664659, 2.365365200247354, 20.003094825440034
-8.102464446721802, 1.6144842423369625, 17.8913403230318
-6.2291283182298, 0.9123232208873996, 15.494382165970208
-4.3394491722667095, 0.25537992760095846, 12.651136899062964
-2.435672923738232, -0.3595618830800674, 8.945730515092809
-0.5197005772005772, -0.9354610389610389, 0
18.692619082632262, -6.493048041285034, 0
endData
20
62.83
50
-0.9354610389610389, 35.85933982683983, -37.10662121212122, 31.07809451659452, -36.690860750360734, 9.527844444010677, -0.5197005772005772, -0.9354610389610389
