0.727580808080808, 36.69086075036075, 41.7225791539052
-1.258848927003833, 36.405015608170814, 40.7492083444908
-3.2380816274973947, 36.07311152887799, 39.75202169075178
-5.208248956093719, 35.691135970247615, 38.72917572103768
-7.167056877844479, 35.25466863441201, 37.67857745003519
-9.111457881347649, 34.75798405422431, 36.59783815506853
-11.037283794957768, 34.1936726318476, 35.48421750494689
-12.940406219849656, 33.55711787420892, 34.33452168565737
-14.81387414427145, 32.83811557367445, 33.145005123128996
-16.64937036091671, 32.02712928667113, 31.91119488513355
-18.43362069867161, 31.109089528729328, 30.627786873250447
-20.150786537868573, 30.071305061707402, 29.288311450339002
-21.776275158721546, 28.895457563754398, 27.884713837871885
-23.272572688827204, 27.55966231949961, 26.40691293038518
-24.59035203936018, 26.048444393954103, 24.841942106510587
-25.657472723245444, 24.35198827766929, 23.17229299590896
-26.389426815690644, 22.487166063928285, 22.268567378552135
-26.70236648514282, 20.509151024427442, 22.06637602891477
-26.576832484028994, 18.510234538054526, 22.816219674135205
-26.04079753988159, 16.57946287020309, 24.151813417063135
-25.177830185346398, 14.7700922649019, 26.036974665511448
-24.067023356991648, 13.100307507584471, 28.365334247170093
-22.76875079078057, 11.571094491901501, 30.344594547828247
-21.334774812549647, 10.16800167504447, 31.036194102126235
-19.796779315263592, 8.879456958214059, 29.715113695671647
-18.17876037587434, 7.69274410495384, 28.332414035892864
-16.49867529276517, 6.595431520234223, 26.878584856965404
-14.766847815342869, 5.581626288233822, 25.341438481852702
-12.99545314297969, 4.638589163379341, 23.704796618122682
-11.189681834719957, 3.763094933031728, 21.9464084825864
-9.35585000555157, 2.947983053927018, 20.034266783652658
-7.498591298054548, 2.1877425327360336, 17.919223107725365
-5.621328552411084, 1.478302475048646, 15.518531470325163
-3.7269359720484485, 0.8159240018427786, 12.670856484624098
-1.8178328692943577, 0.19717181012654567, 8.95967559487169
0.10394011544011544, -0.38111428528052216, 0
19.316259775272954, -5.938701287604518, 0
endData
20
62.83
50
0.727580808080808, 36.69086075036075, -35.443579365079366, 31.909615440115438, -36.06722005772006, 10.082191197691197, 0.10394011544011544, -0.38111428528052216
