29.41505266955267, -18.882454833621072, 18.722183701087655
27.391828159500967, -18.585699644079806, 16.392842547878868
25.354646106408477, -18.41582738085846, 13.673156050902001
23.333232924443003, -18.63050325687256, 10.278325361294844
22.816964292099847, -20.315528068630567, 11.561573769578755
23.886769105986524, -22.05323118268202, 17.753562190919446
25.152406742488143, -23.659263487476917, 22.347387525912758
26.462578765328594, -25.229475229249758, 24.890805961248592
27.774189028097187, -26.79849472333338, 27.003995588988715
29.065118614183483, -28.384540202763432, 28.69666936499076
30.320805311016596, -29.998588268616345, 29.70361460404852
31.527491332613415, -31.649540718849142, 30.723461580844933
32.67348144248641, -33.34313411002686, 31.271526735946004
33.74404551169961, -35.08532720447686, 31.3253386105524
34.72366098893631, -36.88014058950262, 29.99144626006769
35.59614378549999, -38.72927801417888, 28.59547897547389
36.34242483585444, -40.63273413022814, 27.127853513765935
36.94187399439565, -42.58730919044606, 25.576222333607117
37.37297414690005, -44.58570146151876, 23.9242270361849
37.614273329081, -46.615649878506105, 22.149470694864004
37.652830921696584, -48.659368464720785, 20.219687461891887
37.48074491798164, -50.69613253684707, 18.0852128734905
37.09932759573991, -52.70433751067076, 15.662398077230582
36.515543992260405, -54.66341532706704, 12.788368377255711
35.74719921108764, -56.55768936852019, 9.042986038565564
34.819938672438674, -58.379698700864935, 0
24.993514933800515, -75.79926805572352, 0
endData
20
62.83
50
29.41505266955267, -18.882454833621072, 6.963987734487734, -15.140610677776916, 48.54003391053391, -34.05771168787793, 34.819938672438674, -58.379698700864935
